-1.710300207138061523e+00
1.772492885589599609e+00
1.772492885589599609e+00
1.617011070251464844e+00
-1.881330251693725586e+00
-1.834685683250427246e+00
-1.974619269371032715e+00
1.585914731025695801e+00
-1.803589344024658203e+00
1.850233793258666992e+00
1.694751977920532227e+00
-1.772492885589599609e+00
-1.570366501808166504e+00
-1.710300207138061523e+00
-1.912426590919494629e+00
-1.850233793258666992e+00
1.679203867912292480e+00
1.725848436355590820e+00
1.679203867912292480e+00
-1.881330251693725586e+00
1.772492885589599609e+00
1.834685683250427246e+00
1.803589344024658203e+00
1.694751977920532227e+00
-1.959071159362792969e+00
-1.819137454032897949e+00
-1.648107409477233887e+00
1.772492885589599609e+00
-1.788041114807128906e+00
1.725848436355590820e+00
-1.756944775581359863e+00
1.679203867912292480e+00
