2.290975674986839294e-02
2.528249025344848633e-01
1.853616535663604736e-01
3.009362220764160156e-01
1.262702196836471558e-01
6.352801620960235596e-02
1.634410917758941650e-01
3.112067580223083496e-01
4.021988809108734131e-02
1.293045468628406525e-02
3.500362932682037354e-01
-2.229909971356391907e-02
-4.006043821573257446e-02
5.787212774157524109e-02
-1.151161268353462219e-03
9.881076961755752563e-02
2.280681133270263672e-01
-8.481727540493011475e-02
-1.037366222590208054e-02
1.219402104616165161e-01
1.727079600095748901e-01
2.423338294029235840e-01
9.808456152677536011e-02
4.613683372735977173e-02
8.909206092357635498e-02
9.008906036615371704e-02
-7.644662261009216309e-02
1.175198331475257874e-01
1.722886413335800171e-01
-5.287359282374382019e-02
1.807750165462493896e-01
-1.047777384519577026e-02
